BI_Index,Direction,Start_Date,Start_Price,End_Date,End_Price,Price_Change,K_Line_Count
1,up,1991-12-24,0.546875,1992-01-06,0.8984379768371582,0.3515629768371582,5
2,down,1992-01-06,0.8984379768371582,1992-02-11,0.6796879768371582,0.21875,12
3,up,1992-02-11,0.6796879768371582,1992-02-21,0.7265629768371582,0.046875,4
4,down,1992-02-21,0.7265629768371582,1992-03-09,0.546875,0.1796879768371582,7
5,up,1992-03-09,0.546875,1992-03-20,0.7265629768371582,0.1796879768371582,8
6,down,1992-03-20,0.7265629768371582,1992-04-06,0.609375,0.1171879768371582,5
7,up,1992-04-06,0.609375,1992-04-22,0.765625,0.15625,6
8,down,1992-04-22,0.765625,1992-05-22,0.5390629768371582,0.2265620231628418,8
9,up,1992-05-22,0.5390629768371582,1992-06-05,0.6484379768371582,0.109375,5
10,down,1992-06-05,0.6484379768371582,1992-06-23,0.53125,0.1171879768371582,6
11,up,1992-06-23,0.53125,1992-07-02,0.6328129768371582,0.1015629768371582,5
12,down,1992-07-02,0.6328129768371582,1992-07-24,0.46875,0.1640629768371582,3
13,up,1992-07-24,0.46875,1992-08-04,0.5703129768371582,0.1015629768371582,4
14,down,1992-08-04,0.5703129768371582,1992-09-23,0.390625,0.1796879768371582,11
15,up,1992-09-23,0.390625,1992-10-26,0.7890629768371582,0.3984379768371582,12
16,down,1992-10-26,0.7890629768371582,1992-11-03,0.71875,0.0703129768371582,4
17,up,1992-11-03,0.71875,1992-11-24,0.9140629768371582,0.1953129768371582,7
18,down,1992-11-24,0.9140629768371582,1992-12-21,0.7265629768371582,0.1875,9
19,up,1992-12-21,0.7265629768371582,1993-01-19,1.09375,0.3671870231628418,12
20,down,1993-01-19,1.09375,1993-02-01,0.8984379768371582,0.1953120231628418,7
21,up,1993-02-01,0.8984379768371582,1993-02-09,1.171875,0.2734370231628418,4
22,down,1993-02-09,1.171875,1993-02-26,0.953125,0.21875,9
23,up,1993-02-26,0.953125,1993-04-01,1.6328129768371582,0.6796879768371582,20
24,down,1993-04-01,1.6328129768371582,1993-04-19,1.203125,0.4296879768371582,7
25,up,1993-04-19,1.203125,1993-04-22,1.484375,0.28125,3
26,down,1993-04-22,1.484375,1993-05-05,1.2734379768371582,0.2109370231628418,6
27,up,1993-05-05,1.2734379768371582,1993-05-12,1.5,0.2265620231628418,4
28,down,1993-05-12,1.5,1993-05-17,1.2890629768371582,0.2109370231628418,3
29,up,1993-05-17,1.2890629768371582,1993-06-15,1.8203129768371584,0.5312500000000002,17
30,down,1993-06-15,1.8203129768371584,1993-06-22,1.5859379768371582,0.23437500000000022,4
31,up,1993-06-22,1.5859379768371582,1993-07-26,2.203125,0.6171870231628418,13
32,down,1993-07-26,2.203125,1993-08-03,2.023437976837158,0.1796870231628418,4
33,up,1993-08-03,2.023437976837158,1993-08-25,2.578125,0.5546870231628418,9
34,down,1993-08-25,2.578125,1993-09-14,2.140625,0.4375,10
35,up,1993-09-14,2.140625,1993-09-30,2.710937976837158,0.5703129768371582,9
36,down,1993-09-30,2.710937976837158,1993-10-07,2.375,0.3359379768371582,3
37,up,1993-10-07,2.375,1993-10-18,2.710937976837158,0.3359379768371582,7
38,down,1993-10-18,2.710937976837158,1993-10-26,2.179687976837158,0.53125,6
39,up,1993-10-26,2.179687976837158,1993-11-02,2.53125,0.3515620231628418,4
40,down,1993-11-02,2.53125,1993-11-30,1.578125,0.953125,15
41,up,1993-11-30,1.578125,1993-12-03,1.890625,0.3125,3
42,down,1993-12-03,1.890625,1993-12-10,1.609375,0.28125,5
43,up,1993-12-10,1.609375,1993-12-20,1.828125,0.21875,3
44,down,1993-12-20,1.828125,1994-01-11,1.4375,0.390625,11
45,up,1994-01-11,1.4375,1994-01-14,1.71875,0.28125,3
46,down,1994-01-14,1.71875,1994-01-20,1.484375,0.234375,3
47,up,1994-01-20,1.484375,1994-01-31,1.578125,0.09375,5
48,down,1994-01-31,1.578125,1994-02-18,1.234375,0.34375,10
49,up,1994-02-18,1.234375,1994-03-03,1.75,0.515625,7
50,down,1994-03-03,1.75,1994-03-10,1.5,0.25,4
51,up,1994-03-10,1.5,1994-03-17,1.8125,0.3125,5
52,down,1994-03-17,1.8125,1994-05-17,1.03125,0.78125,27
53,up,1994-05-17,1.03125,1994-05-25,1.171875,0.140625,4
54,down,1994-05-25,1.171875,1994-06-01,0.96875,0.203125,4
55,up,1994-06-01,0.96875,1994-06-14,1.1875,0.21875,3
56,down,1994-06-14,1.1875,1994-07-12,0.9375,0.25,10
57,up,1994-07-12,0.9375,1994-09-23,1.703125,0.765625,29
58,down,1994-09-23,1.703125,1994-09-30,1.515625,0.1875,3
59,up,1994-09-30,1.515625,1994-10-10,1.796875,0.28125,3
60,down,1994-10-10,1.796875,1994-10-20,1.6875,0.109375,4
61,up,1994-10-20,1.6875,1994-11-10,2.109375,0.421875,11
62,down,1994-11-10,2.109375,1994-11-23,1.78125,0.328125,8
63,up,1994-11-23,1.78125,1994-12-05,1.953125,0.171875,6
64,down,1994-12-05,1.953125,1994-12-15,1.390625,0.5625,5
65,up,1994-12-15,1.390625,1994-12-23,1.671875,0.28125,3
66,down,1994-12-23,1.671875,1995-01-16,1.28125,0.390625,10
67,up,1995-01-16,1.28125,1995-02-07,1.859375,0.578125,10
68,down,1995-02-07,1.859375,1995-02-23,1.5625,0.296875,5
69,up,1995-02-23,1.5625,1995-03-29,2.203125,0.640625,16
70,down,1995-03-29,2.203125,1995-04-19,1.5078129768371582,0.6953120231628418,12
71,up,1995-04-19,1.5078129768371582,1995-04-27,1.6953129768371582,0.1875,5
72,down,1995-04-27,1.6953129768371582,1995-05-10,1.5234379768371582,0.171875,5
73,up,1995-05-10,1.5234379768371582,1995-06-08,2.226562976837158,0.703125,11
74,down,1995-06-08,2.226562976837158,1995-06-13,1.96875,0.2578129768371582,3
75,up,1995-06-13,1.96875,1995-07-13,2.546875,0.578125,13
76,down,1995-07-13,2.546875,1995-07-19,2.132812976837158,0.4140620231628418,4
77,up,1995-07-19,2.132812976837158,1995-07-25,2.820312976837158,0.6875,4
78,down,1995-07-25,2.820312976837158,1995-08-03,2.53125,0.2890629768371582,4
79,up,1995-08-03,2.53125,1995-08-16,3.421875,0.890625,8
80,down,1995-08-16,3.421875,1995-08-29,2.851562976837158,0.5703120231628418,4
81,up,1995-08-29,2.851562976837158,1995-09-06,3.390625,0.5390620231628418,3
82,down,1995-09-06,3.390625,1995-10-10,2.179687976837158,1.2109370231628418,19
83,up,1995-10-10,2.179687976837158,1995-10-18,2.625,0.4453120231628418,3
84,down,1995-10-18,2.625,1995-10-26,2.34375,0.28125,4
85,up,1995-10-26,2.34375,1995-11-13,2.96875,0.625,6
86,down,1995-11-13,2.96875,1995-12-18,2.1875,0.78125,19
87,up,1995-12-18,2.1875,1995-12-27,2.789062976837158,0.6015629768371582,5
88,down,1995-12-27,2.789062976837158,1996-01-16,2.21875,0.5703129768371582,9
89,up,1996-01-16,2.21875,1996-02-06,3.109375,0.890625,12
90,down,1996-02-06,3.109375,1996-03-08,2.242187976837158,0.8671870231628418,17
91,up,1996-03-08,2.242187976837158,1996-03-13,2.53125,0.2890620231628418,3
92,down,1996-03-13,2.53125,1996-03-21,2.257812976837158,0.2734370231628418,5
93,up,1996-03-21,2.257812976837158,1996-03-29,2.632812976837158,0.375,4
94,down,1996-03-29,2.632812976837158,1996-04-18,1.8984379768371584,0.7343749999999998,7
95,up,1996-04-18,1.8984379768371584,1996-04-26,2.539062976837158,0.6406249999999998,6
96,down,1996-04-26,2.539062976837158,1996-05-06,2.367187976837158,0.171875,5
97,up,1996-05-06,2.367187976837158,1996-05-17,3.242187976837158,0.875,5
98,down,1996-05-17,3.242187976837158,1996-05-29,2.976562976837158,0.265625,4
99,up,1996-05-29,2.976562976837158,1996-06-10,3.28125,0.3046870231628418,5
100,down,1996-06-10,3.28125,1996-06-18,2.773437976837158,0.5078120231628418,5
101,up,1996-06-18,2.773437976837158,1996-06-21,3.398437976837158,0.625,3
102,down,1996-06-21,3.398437976837158,1996-07-22,2.273437976837158,1.125,15
103,up,1996-07-22,2.273437976837158,1996-08-07,3.101562976837158,0.828125,9
104,down,1996-08-07,3.101562976837158,1996-08-15,2.742187976837158,0.359375,3
105,up,1996-08-15,2.742187976837158,1996-08-23,2.9375,0.1953120231628418,5
106,down,1996-08-23,2.9375,1996-09-17,2.296875,0.640625,14
107,up,1996-09-17,2.296875,1996-09-30,2.773437976837158,0.4765629768371582,5
108,down,1996-09-30,2.773437976837158,1996-10-21,2.210937976837158,0.5625,11
109,up,1996-10-21,2.210937976837158,1996-11-15,2.921875,0.7109370231628418,13
110,down,1996-11-15,2.921875,1996-12-06,2.375,0.546875,12
111,up,1996-12-06,2.375,1996-12-19,2.5625,0.1875,7
112,down,1996-12-19,2.5625,1996-12-31,2.445312976837158,0.1171870231628418,6
113,up,1996-12-31,2.445312976837158,1997-01-23,3.757812976837158,1.3125,13
114,down,1997-01-23,3.757812976837158,1997-01-29,3.328125,0.4296879768371582,4
115,up,1997-01-29,3.328125,1997-02-13,3.984375,0.65625,9
116,down,1997-02-13,3.984375,1997-02-24,3.367187976837158,0.6171870231628418,6
117,up,1997-02-24,3.367187976837158,1997-03-05,3.929687976837158,0.5625,6
118,down,1997-03-05,3.929687976837158,1997-03-20,3.320312976837158,0.609375,3
119,up,1997-03-20,3.320312976837158,1997-03-26,3.875,0.5546870231628418,3
120,down,1997-03-26,3.875,1997-04-22,2.578125,1.296875,12
121,up,1997-04-22,2.578125,1997-05-08,3.359375,0.78125,7
122,down,1997-05-08,3.359375,1997-05-16,3.070312976837158,0.2890620231628418,3
123,up,1997-05-16,3.070312976837158,1997-05-27,3.539062976837158,0.46875,6
124,down,1997-05-27,3.539062976837158,1997-06-03,2.820312976837158,0.71875,4
125,up,1997-06-03,2.820312976837158,1997-07-15,3.554687976837158,0.734375,22
126,down,1997-07-15,3.554687976837158,1997-07-25,2.8125,0.7421879768371582,5
127,up,1997-07-25,2.8125,1997-08-06,3.03125,0.21875,7
128,down,1997-08-06,3.03125,1997-08-18,2.703125,0.328125,7
129,up,1997-08-18,2.703125,1997-08-21,2.972656011581421,0.2695310115814209,3
130,down,1997-08-21,2.972656011581421,1997-08-28,2.828125,0.1445310115814209,5
131,up,1997-08-28,2.828125,1997-10-14,4.28125,1.453125,23
132,down,1997-10-14,4.28125,1997-10-28,3.25,1.03125,9
133,up,1997-10-28,3.25,1997-11-05,4.210937976837158,0.9609379768371582,6
134,down,1997-11-05,4.210937976837158,1997-11-12,3.773437976837158,0.4375,4
135,up,1997-11-12,3.773437976837158,1997-11-17,4.496094226837158,0.72265625,3
136,down,1997-11-17,4.496094226837158,1997-12-26,2.84375,1.6523442268371582,22
137,up,1997-12-26,2.84375,1998-01-06,3.40625,0.5625,3
138,down,1998-01-06,3.40625,1998-01-16,2.8125,0.59375,8
139,up,1998-01-16,2.8125,1998-02-05,3.652343988418579,0.8398439884185791,9
140,down,1998-02-05,3.652343988418579,1998-02-20,2.898437976837158,0.7539060115814209,6
141,up,1998-02-20,2.898437976837158,1998-02-27,3.3125,0.4140620231628418,3
142,down,1998-02-27,3.3125,1998-03-10,2.960937976837158,0.3515620231628418,4
143,up,1998-03-10,2.960937976837158,1998-04-21,3.785156011581421,0.8242180347442627,20
144,down,1998-04-21,3.785156011581421,1998-04-28,3.3125,0.4726560115814209,4
145,up,1998-04-28,3.3125,1998-05-05,3.578125,0.265625,4
146,down,1998-05-05,3.578125,1998-05-12,3.382812976837158,0.1953120231628418,4
147,up,1998-05-12,3.382812976837158,1998-05-19,3.609375,0.2265620231628418,3
148,down,1998-05-19,3.609375,1998-06-15,2.914062976837158,0.6953120231628418,10
149,up,1998-06-15,2.914062976837158,1998-06-25,3.609375,0.6953120231628418,8
150,down,1998-06-25,3.609375,1998-07-07,3.34375,0.265625,5
151,up,1998-07-07,3.34375,1998-07-13,3.640625,0.296875,3
152,down,1998-07-13,3.640625,1998-07-20,3.515625,0.125,4
153,up,1998-07-20,3.515625,1998-07-31,3.984375,0.46875,6
154,down,1998-07-31,3.984375,1998-08-14,3.34375,0.640625,8
155,up,1998-08-14,3.34375,1998-08-19,3.570312976837158,0.2265629768371582,3
156,down,1998-08-19,3.570312976837158,1998-09-04,2.558593988418579,1.011718988418579,10
157,up,1998-09-04,2.558593988418579,1998-09-28,3.289062976837158,0.7304689884185791,12
158,down,1998-09-28,3.289062976837158,1998-10-09,2.359375,0.9296879768371582,7
159,up,1998-10-09,2.359375,1998-11-03,3.75,1.390625,12
160,down,1998-11-03,3.75,1998-11-17,3.324218988418579,0.4257810115814209,5
161,up,1998-11-17,3.324218988418579,1998-12-07,3.519531011581421,0.1953120231628418,5
162,down,1998-12-07,3.519531011581421,1998-12-14,3.0625,0.4570310115814209,3
163,up,1998-12-14,3.0625,1999-01-20,4.226562976837158,1.1640629768371582,18
164,down,1999-01-20,4.226562976837158,1999-01-25,3.59375,0.6328129768371582,3
165,up,1999-01-25,3.59375,1999-02-09,4.371094226837158,0.7773442268371582,8
166,down,1999-02-09,4.371094226837158,1999-02-19,3.9375,0.4335942268371582,7
167,up,1999-02-19,3.9375,1999-05-13,14.96875,11.03125,41
168,down,1999-05-13,14.96875,1999-05-26,10.757813453674316,4.210936546325684,7
169,up,1999-05-26,10.757813453674316,1999-07-20,20.90625,10.148436546325684,30
170,down,1999-07-20,20.90625,1999-08-05,16.984375,3.921875,8
171,up,1999-08-05,16.984375,1999-08-26,24.828125,7.84375,14
172,down,1999-08-26,24.828125,1999-09-13,19.03515625,5.79296875,8
173,up,1999-09-13,19.03515625,1999-09-27,24.875,5.83984375,7
174,down,1999-09-27,24.875,1999-10-01,22.6640625,2.2109375,3
175,up,1999-10-01,22.6640625,1999-10-11,28.0859375,5.421875,5
176,down,1999-10-11,28.0859375,1999-10-18,23.625,4.4609375,5
177,up,1999-10-18,23.625,1999-10-22,28.21875,4.59375,3
178,down,1999-10-22,28.21875,1999-10-27,25.4375,2.78125,3
179,up,1999-10-27,25.4375,1999-11-16,50.765625,25.328125,11
180,down,1999-11-16,50.765625,1999-11-23,43.09375,7.671875,3
181,up,1999-11-23,43.09375,2000-01-03,100.0,56.90625,24
182,down,2000-01-03,100.0,2000-01-07,66.4609375,33.5390625,3
183,up,2000-01-07,66.4609375,2000-01-21,80.21875,13.7578125,8
184,down,2000-01-21,80.21875,2000-01-28,52.8125,27.40625,4
185,up,2000-01-28,52.8125,2000-02-03,74.0,21.1875,3
186,down,2000-02-03,74.0,2000-02-15,60.03125,13.96875,7
187,up,2000-02-15,60.03125,2000-02-29,74.0,13.96875,7
188,down,2000-02-29,74.0,2000-03-10,61.0,13.0,7
189,up,2000-03-10,61.0,2000-03-29,81.28125,20.28125,12
190,down,2000-03-29,81.28125,2000-04-24,46.125,35.15625,13
191,up,2000-04-24,46.125,2000-05-02,60.0,13.875,6
192,down,2000-05-02,60.0,2000-05-30,30.0,30.0,14
193,up,2000-05-30,30.0,2000-06-12,42.15625,12.15625,8
194,down,2000-06-12,42.15625,2000-06-15,29.9921875,12.1640625,3
195,up,2000-06-15,29.9921875,2000-06-23,37.375,7.3828125,5
196,down,2000-06-23,37.375,2000-07-11,25.75,11.625,8
197,up,2000-07-11,25.75,2000-07-18,35.46875,9.71875,4
198,down,2000-07-18,35.46875,2000-08-03,29.1875,6.28125,11
199,up,2000-08-03,29.1875,2000-08-10,31.8125,2.625,4
200,down,2000-08-10,31.8125,2000-08-23,27.40625,4.40625,7
201,up,2000-08-23,27.40625,2000-09-20,39.375,11.96875,13
202,down,2000-09-20,39.375,2000-09-26,34.6875,4.6875,4
203,up,2000-09-26,34.6875,2000-10-06,43.5,8.8125,7
204,down,2000-10-06,43.5,2000-10-13,31.5625,11.9375,5
205,up,2000-10-13,31.5625,2000-10-20,39.0,7.4375,3
206,down,2000-10-20,39.0,2000-11-02,30.5,8.5,9
207,up,2000-11-02,30.5,2000-11-27,45.6875,15.1875,11
208,down,2000-11-27,45.6875,2000-11-30,37.625,8.0625,3
209,up,2000-11-30,37.625,2000-12-06,53.90625,16.28125,4
210,down,2000-12-06,53.90625,2000-12-21,37.125,16.78125,9
211,up,2000-12-21,37.125,2000-12-29,45.875,8.75,4
212,down,2000-12-29,45.875,2001-01-10,33.875,12.0,6
213,up,2001-01-10,33.875,2001-02-08,44.6875,10.8125,13
214,down,2001-02-08,44.6875,2001-02-23,25.0625,19.625,9
215,up,2001-02-23,25.0625,2001-03-06,33.234375,8.171875,5
216,down,2001-03-06,33.234375,2001-03-13,23.625,9.609375,3
217,up,2001-03-13,23.625,2001-03-27,30.5625,6.9375,6
218,down,2001-03-27,30.5625,2001-04-04,21.375,9.1875,6
219,up,2001-04-04,21.375,2001-04-20,33.25,11.875,7
220,down,2001-04-20,33.25,2001-04-27,27.93000030517578,5.319999694824219,3
221,up,2001-04-27,27.93000030517578,2001-05-08,31.46999931335449,3.5399990081787074,5
222,down,2001-05-08,31.46999931335449,2001-05-14,27.600000381469727,3.869998931884762,4
223,up,2001-05-14,27.600000381469727,2001-05-23,35.52000045776367,7.920000076293945,4
224,down,2001-05-23,35.52000045776367,2001-06-01,30.0,5.520000457763672,5
225,up,2001-06-01,30.0,2001-06-07,32.76499938964844,2.7649993896484375,4
226,down,2001-06-07,32.76499938964844,2001-06-20,23.989999771118164,8.774999618530273,9
227,up,2001-06-20,23.989999771118164,2001-07-05,32.0,8.010000228881836,10
228,down,2001-07-05,32.0,2001-07-11,27.61000061035156,4.389999389648441,4
229,up,2001-07-11,27.61000061035156,2001-07-19,33.70500183105469,6.0950012207031286,5
230,down,2001-07-19,33.70500183105469,2001-07-24,28.21999931335449,5.485002517700199,3
231,up,2001-07-24,28.21999931335449,2001-08-08,34.435001373291016,6.215002059936527,9
232,down,2001-08-08,34.435001373291016,2001-08-20,30.25,4.185001373291016,6
233,up,2001-08-20,30.25,2001-08-27,33.29499816894531,3.0449981689453125,5
234,down,2001-08-27,33.29499816894531,2001-09-21,21.299999237060547,11.994998931884766,11
235,up,2001-09-21,21.299999237060547,2001-09-28,24.61000061035156,3.310001373291012,4
236,down,2001-09-28,24.61000061035156,2001-10-05,19.155000686645508,5.454999923706051,4
237,up,2001-10-05,19.155000686645508,2001-11-19,31.2450008392334,12.09000015258789,23
238,down,2001-11-19,31.2450008392334,2001-11-29,28.25,2.9950008392333984,5
239,up,2001-11-29,28.25,2001-12-05,31.125,2.875,4
240,down,2001-12-05,31.125,2001-12-24,24.684999465942383,6.440000534057617,10
241,up,2001-12-24,24.684999465942383,2002-01-03,26.670000076293945,1.9850006103515625,5
242,down,2002-01-03,26.670000076293945,2002-02-22,15.515000343322754,11.154999732971191,25
243,up,2002-02-22,15.515000343322754,2002-03-11,22.325000762939453,6.810000419616699,9
244,down,2002-03-11,22.325000762939453,2002-04-12,17.049999237060547,5.275001525878906,18
245,up,2002-04-12,17.049999237060547,2002-04-17,20.174999237060547,3.125,3
246,down,2002-04-17,20.174999237060547,2002-05-07,12.3149995803833,7.859999656677246,9
247,up,2002-05-07,12.3149995803833,2002-05-17,16.979999542236328,4.664999961853027,5
248,down,2002-05-17,16.979999542236328,2002-05-24,15.140000343322754,1.8399991989135742,3
249,up,2002-05-24,15.140000343322754,2002-06-03,16.55500030517578,1.4149999618530273,3
250,down,2002-06-03,16.55500030517578,2002-06-07,14.354999542236328,2.200000762939453,4
251,up,2002-06-07,14.354999542236328,2002-06-13,17.0,2.645000457763672,3
252,down,2002-06-13,17.0,2002-07-02,12.119999885559082,4.880000114440918,9
253,up,2002-07-02,12.119999885559082,2002-07-18,15.69499969482422,3.5749998092651385,7
254,down,2002-07-18,15.69499969482422,2002-08-05,11.604999542236328,4.090000152587892,11
255,up,2002-08-05,11.604999542236328,2002-08-22,15.34000015258789,3.7350006103515625,10
256,down,2002-08-22,15.34000015258789,2002-09-05,13.125,2.2150001525878906,4
257,up,2002-09-05,13.125,2002-09-11,15.53499984741211,2.4099998474121094,3
258,down,2002-09-11,15.53499984741211,2002-09-19,12.550000190734863,2.984999656677246,6
259,up,2002-09-19,12.550000190734863,2002-10-22,18.549999237060547,5.999999046325684,17
260,down,2002-10-22,18.549999237060547,2002-10-30,16.020000457763672,2.529998779296875,5
261,up,2002-10-30,16.020000457763672,2002-12-02,21.44499969482422,5.424999237060547,16
262,down,2002-12-02,21.44499969482422,2002-12-20,17.915000915527344,3.529998779296875,13
263,up,2002-12-20,17.915000915527344,2003-01-16,19.95499992370605,2.0399990081787074,14
264,down,2003-01-16,19.95499992370605,2003-01-28,18.02499961853028,1.9300003051757706,6
265,up,2003-01-28,18.02499961853028,2003-02-11,19.3799991607666,1.354999542236321,7
266,down,2003-02-11,19.3799991607666,2003-02-14,16.315000534057617,3.0649986267089844,3
267,up,2003-02-14,16.315000534057617,2003-02-24,17.81999969482422,1.5049991607666016,3
268,down,2003-02-24,17.81999969482422,2003-02-27,16.6200008392334,1.1999988555908203,3
269,up,2003-02-27,16.6200008392334,2003-03-19,19.975000381469727,3.354999542236328,8
270,down,2003-03-19,19.975000381469727,2003-04-10,15.5600004196167,4.414999961853027,12
271,up,2003-04-10,15.5600004196167,2003-04-16,16.844999313354492,1.284998893737793,3
272,down,2003-04-16,16.844999313354492,2003-04-28,15.329999923706056,1.5149993896484357,6
273,up,2003-04-28,15.329999923706056,2003-05-07,16.5,1.1700000762939435,4
274,down,2003-05-07,16.5,2003-05-15,14.789999961853027,1.7100000381469727,3
275,up,2003-05-15,14.789999961853027,2003-06-19,19.09000015258789,4.300000190734863,17
276,down,2003-06-19,19.09000015258789,2003-07-01,17.600000381469727,1.489999771118164,5
277,up,2003-07-01,17.600000381469727,2003-07-08,19.989999771118164,2.3899993896484375,3
278,down,2003-07-08,19.989999771118164,2003-07-21,17.165000915527344,2.8249988555908203,8
279,up,2003-07-21,17.165000915527344,2003-07-29,19.5,2.3349990844726562,4
280,down,2003-07-29,19.5,2003-08-11,17.565000534057617,1.9349994659423828,5
281,up,2003-08-11,17.565000534057617,2003-09-08,21.334999084472656,3.769998550415039,16
282,down,2003-09-08,21.334999084472656,2003-09-11,20.25,1.0849990844726562,3
283,up,2003-09-11,20.25,2003-09-19,23.02499961853028,2.7749996185302805,5
284,down,2003-09-19,23.02499961853028,2003-10-01,20.5,2.5249996185302805,7
285,up,2003-10-01,20.5,2003-10-21,22.825000762939453,2.325000762939453,8
286,down,2003-10-21,22.825000762939453,2003-10-24,21.350000381469727,1.4750003814697266,3
287,up,2003-10-24,21.350000381469727,2003-11-07,24.34000015258789,2.989999771118164,9
288,down,2003-11-07,24.34000015258789,2003-11-21,21.80500030517578,2.5349998474121094,7
289,up,2003-11-21,21.80500030517578,2004-01-15,30.364999771118164,8.559999465942383,25
290,down,2004-01-15,30.364999771118164,2004-02-05,27.80500030517578,2.559999465942383,14
291,up,2004-02-05,27.80500030517578,2004-03-08,32.2599983215332,4.454998016357422,17
292,down,2004-03-08,32.2599983215332,2004-03-12,30.825000762939453,1.43499755859375,3
293,up,2004-03-12,30.825000762939453,2004-03-19,32.63999938964844,1.8149986267089844,4
294,down,2004-03-19,32.63999938964844,2004-03-26,30.875,1.7649993896484375,4
295,up,2004-03-26,30.875,2004-04-08,34.689998626708984,3.8149986267089844,6
296,down,2004-04-08,34.689998626708984,2004-05-03,31.03499984741211,3.654998779296875,11
297,up,2004-05-03,31.03499984741211,2004-05-11,32.595001220703125,1.5600013732910156,5
298,down,2004-05-11,32.595001220703125,2004-05-17,30.89999961853028,1.6950016021728445,3
299,up,2004-05-17,30.89999961853028,2004-06-10,34.93000030517578,4.030000686645501,12
300,down,2004-06-10,34.93000030517578,2004-06-21,32.3650016784668,2.5649986267089844,6
301,up,2004-06-21,32.3650016784668,2004-07-01,36.75,4.384998321533203,5
302,down,2004-07-01,36.75,2004-07-19,33.70000076293945,3.049999237060547,6
303,up,2004-07-19,33.70000076293945,2004-07-23,36.48500061035156,2.7849998474121094,3
304,down,2004-07-23,36.48500061035156,2004-08-09,33.65999984741211,2.825000762939453,9
305,up,2004-08-09,33.65999984741211,2004-09-15,41.16999816894531,7.509998321533203,17
306,down,2004-09-15,41.16999816894531,2004-09-29,37.709999084472656,3.4599990844726562,6
307,up,2004-09-29,37.709999084472656,2004-10-22,44.40999984741211,6.700000762939453,15
308,down,2004-10-22,44.40999984741211,2004-11-08,37.77000045776367,6.6399993896484375,8
309,up,2004-11-08,37.77000045776367,2004-12-23,44.9900016784668,7.220001220703125,25
310,down,2004-12-23,44.9900016784668,2005-01-03,41.709999084472656,3.2800025939941406,3
311,up,2005-01-03,41.709999084472656,2005-01-10,43.709999084472656,2.0,4
312,down,2005-01-10,43.709999084472656,2005-01-28,35.63999938964844,8.069999694824219,8
313,up,2005-01-28,35.63999938964844,2005-02-15,37.720001220703125,2.0800018310546875,9
314,down,2005-02-15,37.720001220703125,2005-02-24,33.9900016784668,3.729999542236328,4
315,up,2005-02-24,33.9900016784668,2005-03-16,38.540000915527344,4.549999237060547,11
316,down,2005-03-16,38.540000915527344,2005-04-18,32.08000183105469,6.459999084472656,20
317,up,2005-04-18,32.08000183105469,2005-04-28,35.5,3.4199981689453125,3
318,down,2005-04-28,35.5,2005-05-03,34.52000045776367,0.9799995422363281,3
319,up,2005-05-03,34.52000045776367,2005-05-23,37.75,3.229999542236328,11
320,down,2005-05-23,37.75,2005-06-30,33.0,4.75,20
321,up,2005-06-30,33.0,2005-07-28,40.27000045776367,7.270000457763672,15
322,down,2005-07-28,40.27000045776367,2005-08-09,38.61000061035156,1.6599998474121094,6
323,up,2005-08-09,38.61000061035156,2005-08-15,41.72999954223633,3.1199989318847656,4
324,down,2005-08-15,41.72999954223633,2005-08-31,39.040000915527344,2.6899986267089844,9
325,up,2005-08-31,39.040000915527344,2005-10-05,46.27999877929688,7.239997863769538,19
326,down,2005-10-05,46.27999877929688,2005-10-17,41.36000061035156,4.91999816894532,5
327,up,2005-10-17,41.36000061035156,2005-10-24,45.70000076293945,4.340000152587891,5
328,down,2005-10-24,45.70000076293945,2005-11-01,39.02000045776367,6.680000305175781,4
329,up,2005-11-01,39.02000045776367,2005-11-29,46.5099983215332,7.489997863769531,13
330,down,2005-11-29,46.5099983215332,2005-12-09,43.95000076293945,2.55999755859375,4
331,up,2005-12-09,43.95000076293945,2005-12-14,46.59999847412109,2.6499977111816335,3
332,down,2005-12-14,46.59999847412109,2006-01-03,42.90999984741211,3.6899986267089773,9
333,up,2006-01-03,42.90999984741211,2006-01-12,49.45000076293945,6.540000915527344,6
334,down,2006-01-12,49.45000076293945,2006-01-23,46.5,2.950000762939453,6
335,up,2006-01-23,46.5,2006-01-31,48.86000061035156,2.3600006103515625,5
336,down,2006-01-31,48.86000061035156,2006-02-07,45.08000183105469,3.779998779296875,5
337,up,2006-02-07,45.08000183105469,2006-02-17,48.880001068115234,3.799999237060547,7
338,down,2006-02-17,48.880001068115234,2006-02-24,46.58000183105469,2.299999237060547,3
339,up,2006-02-24,46.58000183105469,2006-03-20,51.18000030517578,4.599998474121094,12
340,down,2006-03-20,51.18000030517578,2006-03-24,48.88999938964844,2.2900009155273438,3
341,up,2006-03-24,48.88999938964844,2006-04-19,52.58000183105469,3.69000244140625,11
342,down,2006-04-19,52.58000183105469,2006-05-02,50.27999877929688,2.3000030517578054,6
343,up,2006-05-02,50.27999877929688,2006-05-09,52.9900016784668,2.7100028991699148,4
344,down,2006-05-09,52.9900016784668,2006-05-24,44.09999847412109,8.89000320434571,8
345,up,2006-05-24,44.09999847412109,2006-06-02,47.77000045776367,3.6700019836425852,6
346,down,2006-06-02,47.77000045776367,2006-06-13,41.04999923706055,6.720001220703125,5
347,up,2006-06-13,41.04999923706055,2006-06-21,45.0,3.950000762939453,5
348,down,2006-06-21,45.0,2006-08-11,32.7599983215332,12.240001678466797,30
349,up,2006-08-11,32.7599983215332,2006-08-22,38.150001525878906,5.390003204345703,6
350,down,2006-08-22,38.150001525878906,2006-08-29,36.650001525878906,1.5,3
351,up,2006-08-29,36.650001525878906,2006-09-06,39.4900016784668,2.8400001525878906,3
352,down,2006-09-06,39.4900016784668,2006-09-11,35.9900016784668,3.5,3
353,up,2006-09-11,35.9900016784668,2006-09-26,39.29999923706055,3.30999755859375,7
354,down,2006-09-26,39.29999923706055,2006-10-03,34.099998474121094,5.200000762939453,4
355,up,2006-10-03,34.099998474121094,2006-10-16,40.0,5.900001525878906,7
356,down,2006-10-16,40.0,2006-11-10,34.349998474121094,5.650001525878906,15
357,up,2006-11-10,34.349998474121094,2006-11-16,38.400001525878906,4.0500030517578125,4
358,down,2006-11-16,38.400001525878906,2006-11-28,35.70000076293945,2.700000762939453,7
359,up,2006-11-28,35.70000076293945,2006-12-07,40.9900016784668,5.290000915527344,5
360,down,2006-12-07,40.9900016784668,2006-12-28,37.41999816894531,3.5700035095214844,8
361,up,2006-12-28,37.41999816894531,2007-01-17,39.959999084472656,2.5400009155273438,5
362,down,2007-01-17,39.959999084472656,2007-01-30,36.79999923706055,3.1599998474121094,7
363,up,2007-01-30,36.79999923706055,2007-02-23,43.61000061035156,6.810001373291016,10
364,down,2007-02-23,43.61000061035156,2007-03-06,39.040000915527344,4.569999694824219,4
365,up,2007-03-06,39.040000915527344,2007-03-19,44.119998931884766,5.079998016357422,7
366,down,2007-03-19,44.119998931884766,2007-03-26,41.56999969482422,2.549999237060547,4
367,up,2007-03-26,41.56999969482422,2007-04-04,43.959999084472656,2.3899993896484375,7
368,down,2007-04-04,43.959999084472656,2007-04-13,41.59999847412109,2.3600006103515696,4
369,up,2007-04-13,41.59999847412109,2007-04-26,46.33000183105469,4.730003356933601,8
370,down,2007-04-26,46.33000183105469,2007-05-01,43.209999084472656,3.1200027465820312,3
371,up,2007-05-01,43.209999084472656,2007-05-22,47.720001220703125,4.510002136230469,10
372,down,2007-05-22,47.720001220703125,2007-06-07,40.97999954223633,6.740001678466797,9
373,up,2007-06-07,40.97999954223633,2007-07-03,44.0,3.020000457763672,12
374,down,2007-07-03,44.0,2007-08-16,35.22999954223633,8.770000457763672,25
375,up,2007-08-16,35.22999954223633,2007-09-04,40.22999954223633,5.0,11
376,down,2007-09-04,40.22999954223633,2007-09-10,36.68000030517578,3.549999237060547,4
377,up,2007-09-10,36.68000030517578,2007-09-27,43.060001373291016,6.380001068115234,10
378,down,2007-09-27,43.060001373291016,2007-10-02,41.08000183105469,1.9799995422363281,3
379,up,2007-10-02,41.08000183105469,2007-10-08,43.400001525878906,2.3199996948242188,3
380,down,2007-10-08,43.400001525878906,2007-10-24,40.04999923706055,3.3500022888183594,7
381,up,2007-10-24,40.04999923706055,2007-10-31,42.75,2.700000762939453,4
382,down,2007-10-31,42.75,2007-11-09,36.59999847412109,6.150001525878913,6
383,up,2007-11-09,36.59999847412109,2007-11-19,42.33000183105469,5.730003356933601,3
384,down,2007-11-19,42.33000183105469,2007-11-27,39.09000015258789,3.240001678466797,4
385,up,2007-11-27,39.09000015258789,2007-12-12,41.56999969482422,2.479999542236328,7
386,down,2007-12-12,41.56999969482422,2007-12-19,37.75,3.8199996948242188,5
387,up,2007-12-19,37.75,2007-12-26,40.47999954223633,2.729999542236328,3
388,down,2007-12-26,40.47999954223633,2008-01-07,35.779998779296875,4.700000762939453,6
389,up,2008-01-07,35.779998779296875,2008-01-14,40.58000183105469,4.8000030517578125,5
390,down,2008-01-14,40.58000183105469,2008-01-23,35.16999816894531,5.410003662109375,5
391,up,2008-01-23,35.16999816894531,2008-02-01,42.65999984741211,7.490001678466797,5
392,down,2008-02-01,42.65999984741211,2008-02-07,38.95000076293945,3.7099990844726562,3
393,up,2008-02-07,38.95000076293945,2008-02-26,44.84999847412109,5.8999977111816335,9
394,down,2008-02-26,44.84999847412109,2008-03-11,37.86000061035156,6.989997863769524,10
395,up,2008-03-11,37.86000061035156,2008-04-04,42.65999984741211,4.799999237060547,15
396,down,2008-04-04,42.65999984741211,2008-04-15,40.650001525878906,2.009998321533203,6
397,up,2008-04-15,40.650001525878906,2008-05-02,44.900001525878906,4.25,9
398,down,2008-05-02,44.900001525878906,2008-05-09,43.400001525878906,1.5,3
399,up,2008-05-09,43.400001525878906,2008-05-19,48.36000061035156,4.959999084472656,5
400,down,2008-05-19,48.36000061035156,2008-05-23,45.75,2.6100006103515625,3
401,up,2008-05-23,45.75,2008-05-30,49.5,3.75,3
402,down,2008-05-30,49.5,2008-06-09,46.29999923706055,3.200000762939453,5
403,up,2008-06-09,46.29999923706055,2008-06-19,50.81999969482422,4.520000457763672,8
404,down,2008-06-19,50.81999969482422,2008-07-01,44.150001525878906,6.6699981689453125,8
405,up,2008-07-01,44.150001525878906,2008-07-14,49.2599983215332,5.109996795654297,6
406,down,2008-07-14,49.2599983215332,2008-07-23,42.68999862670898,6.569999694824226,3
407,up,2008-07-23,42.68999862670898,2008-07-31,56.0,13.310001373291023,6
408,down,2008-07-31,56.0,2008-08-12,53.810001373291016,2.1899986267089844,6
409,up,2008-08-12,53.810001373291016,2008-08-15,56.880001068115234,3.0699996948242188,3
410,down,2008-08-15,56.880001068115234,2008-09-19,37.81999969482422,19.060001373291016,17
411,up,2008-09-19,37.81999969482422,2008-09-25,47.22999954223633,9.40999984741211,4
412,down,2008-09-25,47.22999954223633,2008-10-24,32.209999084472656,15.020000457763672,16
413,up,2008-10-24,32.209999084472656,2008-10-30,40.08000183105469,7.870002746582031,3
414,down,2008-10-30,40.08000183105469,2008-11-21,28.15999984741211,11.920001983642578,14
415,up,2008-11-21,28.15999984741211,2008-11-28,33.599998474121094,5.439998626708984,3
416,down,2008-11-28,33.599998474121094,2008-12-03,29.51000022888184,4.089998245239254,3
417,up,2008-12-03,29.51000022888184,2008-12-17,36.380001068115234,6.870000839233395,8
418,down,2008-12-17,36.380001068115234,2008-12-29,33.63999938964844,2.740001678466797,4
419,up,2008-12-29,33.63999938964844,2009-01-06,37.709999084472656,4.069999694824219,4
420,down,2009-01-06,37.709999084472656,2009-01-15,33.290000915527344,4.4199981689453125,4
421,up,2009-01-15,33.290000915527344,2009-01-26,37.209999084472656,3.9199981689453125,4
422,down,2009-01-26,37.209999084472656,2009-02-05,33.060001373291016,4.149997711181641,5
423,up,2009-02-05,33.060001373291016,2009-02-13,36.369998931884766,3.30999755859375,6
424,down,2009-02-13,36.369998931884766,2009-02-23,32.66999816894531,3.700000762939453,5
425,up,2009-02-23,32.66999816894531,2009-04-09,42.0,9.330001831054688,27
426,down,2009-04-09,42.0,2009-04-21,39.27000045776367,2.729999542236328,4
427,up,2009-04-21,39.27000045776367,2009-04-27,44.59000015258789,5.319999694824219,3
428,down,2009-04-27,44.59000015258789,2009-05-13,39.84999847412109,4.740001678466804,10
429,up,2009-05-13,39.84999847412109,2009-06-10,46.470001220703125,6.620002746582038,15
430,down,2009-06-10,46.470001220703125,2009-06-16,43.45000076293945,3.020000457763672,3
431,up,2009-06-16,43.45000076293945,2009-06-26,46.72999954223633,3.279998779296875,8
432,down,2009-06-26,46.72999954223633,2009-07-13,42.66999816894531,4.060001373291016,7
433,up,2009-07-13,42.66999816894531,2009-07-22,48.720001220703125,6.0500030517578125,5
434,down,2009-07-22,48.720001220703125,2009-07-29,45.79999923706055,2.920001983642578,5
435,up,2009-07-29,45.79999923706055,2009-08-03,47.15999984741211,1.3600006103515625,3
436,down,2009-08-03,47.15999984741211,2009-08-06,45.290000915527344,1.8699989318847656,3
437,up,2009-08-06,45.290000915527344,2009-08-13,46.970001220703125,1.6800003051757812,3
438,down,2009-08-13,46.970001220703125,2009-08-18,44.63999938964844,2.3300018310546875,3
439,up,2009-08-18,44.63999938964844,2009-08-28,48.20000076293945,3.5600013732910156,7
440,down,2009-08-28,48.20000076293945,2009-09-03,44.130001068115234,4.069999694824219,4
441,up,2009-09-03,44.130001068115234,2009-09-11,46.75,2.6199989318847656,3
442,down,2009-09-11,46.75,2009-10-09,40.5,6.25,13
443,up,2009-10-09,40.5,2009-10-16,42.560001373291016,2.0600013732910156,4
444,down,2009-10-16,42.560001373291016,2009-10-23,40.150001525878906,2.4099998474121094,3
445,up,2009-10-23,40.150001525878906,2009-11-17,46.25,6.099998474121094,12
446,down,2009-11-17,46.25,2009-11-30,44.31999969482422,1.9300003051757812,7
447,up,2009-11-30,44.31999969482422,2009-12-11,45.880001068115234,1.5600013732910156,6
448,down,2009-12-11,45.880001068115234,2009-12-18,44.04999923706055,1.8300018310546875,3
449,up,2009-12-18,44.04999923706055,2010-01-08,49.79999923706055,5.75,10
450,down,2010-01-08,49.79999923706055,2010-02-11,37.0,12.799999237060547,16
451,up,2010-02-11,37.0,2010-02-19,39.93999862670898,2.9399986267089773,4
452,down,2010-02-19,39.93999862670898,2010-03-01,35.459999084472656,4.479999542236321,5
453,up,2010-03-01,35.459999084472656,2010-03-05,39.52000045776367,4.060001373291016,4
454,down,2010-03-05,39.52000045776367,2010-03-16,38.59000015258789,0.9300003051757812,5
455,up,2010-03-16,38.59000015258789,2010-03-25,43.84000015258789,5.25,5
456,down,2010-03-25,43.84000015258789,2010-03-31,41.84000015258789,2.0,4
457,up,2010-03-31,41.84000015258789,2010-04-07,42.869998931884766,1.029998779296875,4
458,down,2010-04-07,42.869998931884766,2010-04-13,41.79999923706055,1.0699996948242188,4
459,up,2010-04-13,41.79999923706055,2010-04-21,43.38999938964844,1.5900001525878906,4
460,down,2010-04-21,43.38999938964844,2010-04-26,37.77999877929688,5.610000610351555,3
461,up,2010-04-26,37.77999877929688,2010-04-30,39.290000915527344,1.5100021362304616,3
462,down,2010-04-30,39.290000915527344,2010-05-07,35.22999954223633,4.060001373291016,5
463,up,2010-05-07,35.22999954223633,2010-05-13,38.68000030517578,3.450000762939453,3
464,down,2010-05-13,38.68000030517578,2010-05-25,34.52000045776367,4.159999847412109,6
465,up,2010-05-25,34.52000045776367,2010-06-03,36.810001373291016,2.2900009155273438,4
466,down,2010-06-03,36.810001373291016,2010-06-10,34.33000183105469,2.479999542236328,5
467,up,2010-06-10,34.33000183105469,2010-06-22,36.36000061035156,2.029998779296875,5
468,down,2010-06-22,36.36000061035156,2010-07-02,31.6299991607666,4.730001449584961,7
469,up,2010-07-02,31.6299991607666,2010-07-23,39.65999984741211,8.030000686645508,12
470,down,2010-07-23,39.65999984741211,2010-07-30,37.7599983215332,1.9000015258789062,5
471,up,2010-07-30,37.7599983215332,2010-08-10,40.0,2.240001678466797,5
472,down,2010-08-10,40.0,2010-08-25,37.650001525878906,2.3499984741210938,8
473,up,2010-08-25,37.650001525878906,2010-09-30,45.75,8.099998474121094,18
474,down,2010-09-30,45.75,2010-10-22,42.45000076293945,3.299999237060547,12
475,up,2010-10-22,42.45000076293945,2010-11-04,49.45000076293945,7.0,8
476,down,2010-11-04,49.45000076293945,2010-11-16,46.08000183105469,3.3699989318847656,6
477,up,2010-11-16,46.08000183105469,2011-01-06,53.02999877929688,6.949996948242195,28
478,down,2011-01-06,53.02999877929688,2011-01-25,50.619998931884766,2.4099998474121165,7
479,up,2011-01-25,50.619998931884766,2011-03-01,59.84000015258789,9.220001220703125,20
480,down,2011-03-01,59.84000015258789,2011-03-16,50.09999847412109,9.740001678466804,10
481,up,2011-03-16,50.09999847412109,2011-03-21,54.11000061035156,4.010002136230476,3
482,down,2011-03-21,54.11000061035156,2011-03-28,52.09999847412109,2.010002136230476,5
483,up,2011-03-28,52.09999847412109,2011-04-01,55.18999862670898,3.0900001525878906,3
484,down,2011-04-01,55.18999862670898,2011-04-14,51.45000076293945,3.739997863769524,8
485,up,2011-04-14,51.45000076293945,2011-04-28,58.459999084472656,7.009998321533203,8
486,down,2011-04-28,58.459999084472656,2011-05-05,55.41999816894531,3.0400009155273438,3
487,up,2011-05-05,55.41999816894531,2011-05-13,57.83000183105469,2.410003662109375,5
488,down,2011-05-13,57.83000183105469,2011-05-23,55.91999816894531,1.910003662109375,6
489,up,2011-05-23,55.91999816894531,2011-06-01,58.95000076293945,3.0300025939941406,5
490,down,2011-06-01,58.95000076293945,2011-06-20,52.130001068115234,6.819999694824219,11
491,up,2011-06-20,52.130001068115234,2011-07-07,59.47999954223633,7.349998474121094,10
492,down,2011-07-07,59.47999954223633,2011-07-18,54.290000915527344,5.189998626708984,5
493,up,2011-07-18,54.290000915527344,2011-07-22,57.709999084472656,3.4199981689453125,4
494,down,2011-07-22,57.709999084472656,2011-08-10,46.70000076293945,11.009998321533203,10
495,up,2011-08-10,46.70000076293945,2011-08-16,51.459999084472656,4.759998321533203,3
496,down,2011-08-16,51.459999084472656,2011-08-22,45.97999954223633,5.479999542236328,4
497,up,2011-08-22,45.97999954223633,2011-09-20,54.29999923706055,8.319999694824219,17
498,down,2011-09-20,54.29999923706055,2011-10-04,46.400001525878906,7.899997711181641,7
499,up,2011-10-04,46.400001525878906,2011-10-14,55.02999877929688,8.629997253417976,5
500,down,2011-10-14,55.02999877929688,2011-11-01,49.77999877929688,5.25,10
501,up,2011-11-01,49.77999877929688,2011-11-16,57.970001220703125,8.190002441406243,9
502,down,2011-11-16,57.970001220703125,2011-11-25,51.59999847412109,6.370002746582038,4
503,up,2011-11-25,51.59999847412109,2011-12-13,55.72999954223633,4.1300010681152415,5
504,down,2011-12-13,55.72999954223633,2011-12-19,51.7599983215332,3.970001220703125,4
505,up,2011-12-19,51.7599983215332,2012-02-24,63.810001373291016,12.050003051757812,32
506,down,2012-02-24,63.810001373291016,2012-03-06,60.93000030517578,2.8800010681152344,4
507,up,2012-03-06,60.93000030517578,2012-03-27,68.87000274658203,7.94000244140625,10
508,down,2012-03-27,68.87000274658203,2012-04-24,61.2599983215332,7.610004425048828,12
509,up,2012-04-24,61.2599983215332,2012-05-03,64.72000122070312,3.460002899169922,5
510,down,2012-05-03,64.72000122070312,2012-05-21,55.720001220703125,9.0,8
511,up,2012-05-21,55.720001220703125,2012-05-29,58.75,3.029998779296875,3
512,down,2012-05-29,58.75,2012-06-04,54.84999847412109,3.9000015258789134,3
513,up,2012-06-04,54.84999847412109,2012-06-13,59.68999862670898,4.840000152587891,6
514,down,2012-06-13,59.68999862670898,2012-06-26,53.40999984741211,6.279998779296868,7
515,up,2012-06-26,53.40999984741211,2012-07-05,56.68000030517578,3.270000457763672,5
516,down,2012-07-05,56.68000030517578,2012-07-12,53.11000061035156,3.5699996948242188,4
517,up,2012-07-12,53.11000061035156,2012-08-17,63.34000015258789,10.229999542236328,23
518,down,2012-08-17,63.34000015258789,2012-09-05,60.27999877929688,3.0600013732910085,8
519,up,2012-09-05,60.27999877929688,2012-09-19,65.44999694824219,5.169998168945305,8
520,down,2012-09-19,65.44999694824219,2012-10-02,61.52000045776367,3.9299964904785156,8
521,up,2012-10-02,61.52000045776367,2012-10-05,63.75,2.229999542236328,3
522,down,2012-10-05,63.75,2012-10-12,58.09999847412109,5.650001525878913,4
523,up,2012-10-12,58.09999847412109,2012-10-17,61.2599983215332,3.1599998474121165,3
524,down,2012-10-17,61.2599983215332,2012-10-25,57.290000915527344,3.9699974060058594,5
525,up,2012-10-25,57.290000915527344,2012-11-14,62.79999923706055,5.509998321533203,8
526,down,2012-11-14,62.79999923706055,2012-11-20,61.380001068115234,1.4199981689453125,4
527,up,2012-11-20,61.380001068115234,2012-12-12,64.72000122070312,3.3400001525878906,12
528,down,2012-12-12,64.72000122070312,2012-12-31,60.220001220703125,4.5,8
529,up,2012-12-31,60.220001220703125,2013-01-10,65.52999877929688,5.30999755859375,7
530,down,2013-01-10,65.52999877929688,2013-01-15,63.52000045776367,2.009998321533203,3
531,up,2013-01-15,63.52000045776367,2013-01-23,65.30000305175781,1.7800025939941406,5
532,down,2013-01-23,65.30000305175781,2013-01-29,62.33000183105469,2.970001220703125,3
533,up,2013-01-29,62.33000183105469,2013-02-11,67.44999694824219,5.1199951171875,5
534,down,2013-02-11,67.44999694824219,2013-02-21,64.31999969482422,3.1299972534179688,6
535,up,2013-02-21,64.31999969482422,2013-03-05,68.5,4.180000305175781,4
536,down,2013-03-05,68.5,2013-03-18,63.400001525878906,5.099998474121094,8
537,up,2013-03-18,63.400001525878906,2013-03-28,67.0,3.5999984741210938,5
538,down,2013-03-28,67.0,2013-04-05,64.55000305175781,2.4499969482421875,3
539,up,2013-04-05,64.55000305175781,2013-04-11,67.6500015258789,3.0999984741210938,3
540,down,2013-04-11,67.6500015258789,2013-04-19,63.02999877929688,4.620002746582024,5
541,up,2013-04-19,63.02999877929688,2013-04-24,66.55999755859375,3.529998779296868,3
542,down,2013-04-24,66.55999755859375,2013-05-07,63.52999877929688,3.029998779296868,6
543,up,2013-05-07,63.52999877929688,2013-05-20,66.66999816894531,3.1399993896484304,7
544,down,2013-05-20,66.66999816894531,2013-06-24,59.459999084472656,7.209999084472656,19
545,up,2013-06-24,59.459999084472656,2013-07-03,61.34000015258789,1.8800010681152344,5
546,down,2013-07-03,61.34000015258789,2013-07-09,59.02000045776367,2.3199996948242188,3
547,up,2013-07-09,59.02000045776367,2013-08-06,66.76000213623047,7.740001678466797,13
548,down,2013-08-06,66.76000213623047,2013-08-12,65.80000305175781,0.9599990844726562,3
549,up,2013-08-12,65.80000305175781,2013-08-16,67.41999816894531,1.6199951171875,3
550,down,2013-08-16,67.41999816894531,2013-08-30,65.73999786376953,1.6800003051757812,7
551,up,2013-08-30,65.73999786376953,2013-09-10,70.37000274658203,4.6300048828125,5
552,down,2013-09-10,70.37000274658203,2013-09-16,67.97000122070312,2.4000015258789062,4
553,up,2013-09-16,67.97000122070312,2013-09-19,70.04000091552734,2.0699996948242188,3
554,down,2013-09-19,70.04000091552734,2013-09-30,66.55000305175781,3.4899978637695312,6
555,up,2013-09-30,66.55000305175781,2013-10-04,68.19000244140625,1.6399993896484375,4
556,down,2013-10-04,68.19000244140625,2013-10-09,65.47000122070312,2.720001220703125,3
557,up,2013-10-09,65.47000122070312,2013-12-09,74.19000244140625,8.720001220703125,32
558,down,2013-12-09,74.19000244140625,2013-12-18,71.68000030517578,2.5100021362304688,5
559,up,2013-12-18,71.68000030517578,2014-01-23,75.9000015258789,4.220001220703125,19
560,down,2014-01-23,75.9000015258789,2014-01-29,70.9800033569336,4.9199981689453125,4
561,up,2014-01-29,70.9800033569336,2014-02-13,76.75,5.769996643066406,10
562,down,2014-02-13,76.75,2014-03-03,73.04000091552734,3.7099990844726562,9
563,up,2014-03-03,73.04000091552734,2014-03-11,77.19999694824219,4.159996032714844,3
564,down,2014-03-11,77.19999694824219,2014-03-14,74.5,2.6999969482421875,3
565,up,2014-03-14,74.5,2014-04-04,81.36000061035156,6.8600006103515625,13
566,down,2014-04-04,81.36000061035156,2014-04-11,77.52999877929688,3.8300018310546875,4
567,up,2014-04-11,77.52999877929688,2014-04-22,81.66000366210938,4.1300048828125,5
568,down,2014-04-22,81.66000366210938,2014-04-30,78.13999938964844,3.5200042724609375,5
569,up,2014-04-30,78.13999938964844,2014-05-14,80.98999786376953,2.8499984741210938,8
570,down,2014-05-14,80.98999786376953,2014-05-22,79.12000274658203,1.8699951171875,5
571,up,2014-05-22,79.12000274658203,2014-06-02,80.79000091552734,1.6699981689453125,5
572,down,2014-06-02,80.79000091552734,2014-06-17,78.4000015258789,2.3899993896484375,10
573,up,2014-06-17,78.4000015258789,2014-07-08,81.27999877929688,2.8799972534179688,10
574,down,2014-07-08,81.27999877929688,2014-07-17,77.87999725341797,3.4000015258789062,5
575,up,2014-07-17,77.87999725341797,2014-07-23,81.97000122070312,4.090003967285156,4
576,down,2014-07-23,81.97000122070312,2014-08-06,71.81999969482422,10.150001525878906,5
577,up,2014-08-06,71.81999969482422,2014-08-22,77.30999755859375,5.489997863769531,7
578,down,2014-08-22,77.30999755859375,2014-09-04,74.62000274658203,2.6899948120117188,7
579,up,2014-09-04,74.62000274658203,2014-09-19,77.0,2.3799972534179688,7
580,down,2014-09-19,77.0,2014-10-02,73.16000366210938,3.839996337890625,8
581,up,2014-10-02,73.16000366210938,2014-10-09,75.30000305175781,2.1399993896484375,4
582,down,2014-10-09,75.30000305175781,2014-10-16,69.36000061035156,5.94000244140625,5
583,up,2014-10-16,69.36000061035156,2014-11-03,78.52999877929688,9.169998168945312,10
584,down,2014-11-03,78.52999877929688,2014-11-20,69.5999984741211,8.930000305175781,8
585,up,2014-11-20,69.5999984741211,2014-12-03,74.83999633789062,5.239997863769531,8
586,down,2014-12-03,74.83999633789062,2014-12-15,69.58999633789062,5.25,6
587,up,2014-12-15,69.58999633789062,2014-12-26,75.72000122070312,6.1300048828125,8
588,down,2014-12-26,75.72000122070312,2015-02-02,62.2599983215332,13.460002899169922,17
589,up,2015-02-02,62.2599983215332,2015-02-11,70.94999694824219,8.689998626708984,7
590,down,2015-02-11,70.94999694824219,2015-02-18,70.11000061035156,0.839996337890625,3
591,up,2015-02-18,70.11000061035156,2015-03-10,74.08999633789062,3.9799957275390625,9
592,down,2015-03-10,74.08999633789062,2015-03-13,68.31999969482422,5.769996643066406,3
593,up,2015-03-13,68.31999969482422,2015-03-23,70.61000061035156,2.2900009155273438,4
594,down,2015-03-23,70.61000061035156,2015-03-26,65.68000030517578,4.930000305175781,3
595,up,2015-03-26,65.68000030517578,2015-04-02,69.61000061035156,3.9300003051757812,3
596,down,2015-04-02,69.61000061035156,2015-04-08,66.93000030517578,2.6800003051757812,3
597,up,2015-04-08,66.93000030517578,2015-04-13,71.9000015258789,4.970001220703125,3
598,down,2015-04-13,71.9000015258789,2015-04-17,66.95999908447266,4.94000244140625,3
599,up,2015-04-17,66.95999908447266,2015-04-28,69.81999969482422,2.8600006103515625,5
600,down,2015-04-28,69.81999969482422,2015-05-07,67.5,2.3199996948242188,5
601,up,2015-05-07,67.5,2015-05-18,71.12999725341797,3.6299972534179688,5
602,down,2015-05-18,71.12999725341797,2015-05-26,68.75,2.3799972534179688,4
603,up,2015-05-26,68.75,2015-06-03,70.05000305175781,1.3000030517578125,6
604,down,2015-06-03,70.05000305175781,2015-06-16,65.93000030517578,4.120002746582031,9
605,up,2015-06-16,65.93000030517578,2015-06-22,67.62999725341797,1.6999969482421875,4
606,down,2015-06-22,67.62999725341797,2015-07-08,61.47999954223633,6.149997711181641,9
607,up,2015-07-08,61.47999954223633,2015-07-21,66.05000305175781,4.570003509521484,7
608,down,2015-07-21,66.05000305175781,2015-08-26,52.59000015258789,13.460002899169922,19
609,up,2015-08-26,52.59000015258789,2015-09-03,56.7599983215332,4.1699981689453125,5
610,down,2015-09-03,56.7599983215332,2015-09-14,54.06999969482422,2.6899986267089844,4
611,up,2015-09-14,54.06999969482422,2015-09-17,55.90999984741211,1.8400001525878906,3
612,down,2015-09-17,55.90999984741211,2015-09-29,52.16999816894531,3.740001678466797,8
613,up,2015-09-29,52.16999816894531,2015-10-23,61.18999862670898,9.020000457763665,14
614,down,2015-10-23,61.18999862670898,2015-11-10,49.91999816894531,11.270000457763665,7
615,up,2015-11-10,49.91999816894531,2015-11-17,53.54999923706055,3.6300010681152344,4
616,down,2015-11-17,53.54999923706055,2015-11-30,48.29999923706055,5.25,4
617,up,2015-11-30,48.29999923706055,2015-12-07,52.56999969482422,4.270000457763672,4
618,down,2015-12-07,52.56999969482422,2015-12-14,45.93000030517578,6.6399993896484375,4
619,up,2015-12-14,45.93000030517578,2015-12-30,51.25,5.319999694824219,8
620,down,2015-12-30,51.25,2016-01-20,44.38999938964844,6.8600006103515625,12
621,up,2016-01-20,44.38999938964844,2016-01-26,48.84999847412109,4.459999084472649,3
622,down,2016-01-26,48.84999847412109,2016-02-11,42.2400016784668,6.60999679565429,9
623,up,2016-02-11,42.2400016784668,2016-03-07,53.52000045776367,11.279998779296875,14
624,down,2016-03-07,53.52000045776367,2016-03-16,50.90999984741211,2.6100006103515625,7
625,up,2016-03-16,50.90999984741211,2016-03-22,52.34999847412109,1.4399986267089773,3
626,down,2016-03-22,52.34999847412109,2016-03-29,49.66999816894531,2.680000305175774,3
627,up,2016-03-29,49.66999816894531,2016-04-28,53.27999877929688,3.6100006103515696,13
628,down,2016-04-28,53.27999877929688,2016-05-06,50.380001068115234,2.8999977111816477,3
629,up,2016-05-06,50.380001068115234,2016-05-25,56.27000045776367,5.8899993896484375,11
630,down,2016-05-25,56.27000045776367,2016-06-14,52.470001220703125,3.799999237060547,10
631,up,2016-06-14,52.470001220703125,2016-06-23,55.56999969482422,3.0999984741210938,7
632,down,2016-06-23,55.56999969482422,2016-07-06,51.15999984741211,4.409999847412109,7
633,up,2016-07-06,51.15999984741211,2016-07-29,62.81999969482422,11.65999984741211,14
634,down,2016-07-29,62.81999969482422,2016-08-12,61.27999877929688,1.5400009155273366,8
635,up,2016-08-12,61.27999877929688,2016-08-23,63.68999862670898,2.409999847412095,6
636,down,2016-08-23,63.68999862670898,2016-08-29,62.369998931884766,1.3199996948242116,3
637,up,2016-08-29,62.369998931884766,2016-09-02,63.70000076293945,1.3300018310546875,3
638,down,2016-09-02,63.70000076293945,2016-09-14,59.93000030517578,3.770000457763672,5
639,up,2016-09-14,59.93000030517578,2016-09-30,70.4000015258789,10.470001220703125,10
640,down,2016-09-30,70.4000015258789,2016-10-13,64.30000305175781,6.099998474121094,7
641,up,2016-10-13,64.30000305175781,2016-10-27,71.62000274658203,7.319999694824219,8
642,down,2016-10-27,71.62000274658203,2016-11-11,64.31999969482422,7.3000030517578125,8
643,up,2016-11-11,64.31999969482422,2016-11-23,68.5999984741211,4.279998779296875,5
644,down,2016-11-23,68.5999984741211,2016-12-02,63.77999877929688,4.819999694824212,3
645,up,2016-12-02,63.77999877929688,2016-12-13,70.23999786376953,6.459999084472649,6
646,down,2016-12-13,70.23999786376953,2016-12-19,66.30000305175781,3.9399948120117188,3
647,up,2016-12-19,66.30000305175781,2016-12-27,67.58000183105469,1.279998779296875,3
648,down,2016-12-27,67.58000183105469,2017-01-06,64.86000061035156,2.720001220703125,4
649,up,2017-01-06,64.86000061035156,2017-01-13,67.08000183105469,2.220001220703125,3
650,down,2017-01-13,67.08000183105469,2017-02-02,52.369998931884766,14.710002899169922,7
651,up,2017-02-02,52.369998931884766,2017-02-23,57.310001373291016,4.94000244140625,11
652,down,2017-02-23,57.310001373291016,2017-02-28,55.88999938964844,1.4200019836425781,3
653,up,2017-02-28,55.88999938964844,2017-03-13,59.040000915527344,3.1500015258789062,6
654,down,2017-03-13,59.040000915527344,2017-03-22,56.09999847412109,2.940002441406257,5
655,up,2017-03-22,56.09999847412109,2017-03-31,57.68999862670898,1.5900001525878906,5
656,down,2017-03-31,57.68999862670898,2017-04-28,51.04999923706055,6.63999938964843,12
657,up,2017-04-28,51.04999923706055,2017-05-23,59.88999938964844,8.84000015258789,11
658,down,2017-05-23,59.88999938964844,2017-05-31,57.0,2.8899993896484375,5
659,up,2017-05-31,57.0,2017-06-05,59.04999923706055,2.049999237060547,3
660,down,2017-06-05,59.04999923706055,2017-06-30,54.54999923706055,4.5,15
661,up,2017-06-30,54.54999923706055,2017-07-19,56.93999862670898,2.3899993896484304,10
662,down,2017-07-19,56.93999862670898,2017-08-10,52.0,4.939998626708977,12
663,up,2017-08-10,52.0,2017-08-16,54.09999847412109,2.0999984741210866,3
664,down,2017-08-16,54.09999847412109,2017-08-21,51.5,2.5999984741210866,3
665,up,2017-08-21,51.5,2017-08-25,52.84999847412109,1.3499984741210866,3
666,down,2017-08-25,52.84999847412109,2017-09-08,48.91999816894531,3.930000305175774,5
667,up,2017-09-08,48.91999816894531,2017-09-20,52.52000045776367,3.6000022888183594,6
668,down,2017-09-20,52.52000045776367,2017-09-27,50.84999847412109,1.6700019836425852,3
669,up,2017-09-27,50.84999847412109,2017-10-11,54.380001068115234,3.5300025939941477,8
670,down,2017-10-11,54.380001068115234,2017-10-17,51.84999847412109,2.5300025939941477,4
671,up,2017-10-17,51.84999847412109,2017-11-24,69.27999877929688,17.43000030517579,20
672,down,2017-11-24,69.27999877929688,2017-12-05,63.79999923706055,5.479999542236328,6
673,up,2017-12-05,63.79999923706055,2017-12-19,65.4800033569336,1.6800041198730469,5
674,down,2017-12-19,65.4800033569336,2017-12-29,64.0,1.4800033569335938,5
675,up,2017-12-29,64.0,2018-01-19,68.9000015258789,4.900001525878906,8
676,down,2018-01-19,68.9000015258789,2018-02-06,60.5,8.400001525878906,10
677,up,2018-02-06,60.5,2018-02-27,67.62999725341797,7.129997253417969,10
678,down,2018-02-27,67.62999725341797,2018-03-07,61.060001373291016,6.569995880126953,4
679,up,2018-03-07,61.060001373291016,2018-03-12,63.47999954223633,2.4199981689453125,3
680,down,2018-03-12,63.47999954223633,2018-04-03,53.06999969482422,10.40999984741211,11
681,up,2018-04-03,53.06999969482422,2018-04-13,56.790000915527344,3.720001220703125,7
682,down,2018-04-13,56.790000915527344,2018-04-26,48.560001373291016,8.229999542236328,6
683,up,2018-04-26,48.560001373291016,2018-06-07,62.650001525878906,14.09000015258789,23
684,down,2018-06-07,62.650001525878906,2018-06-28,55.09000015258789,7.560001373291016,10
685,up,2018-06-28,55.09000015258789,2018-08-06,66.0199966430664,10.929996490478516,22
686,down,2018-08-06,66.0199966430664,2018-08-10,64.48999786376953,1.529998779296875,4
687,up,2018-08-10,64.48999786376953,2018-09-20,76.5,12.010002136230469,22
688,down,2018-09-20,76.5,2018-10-15,63.27000045776367,13.229999542236328,13
689,up,2018-10-15,63.27000045776367,2018-10-23,66.91999816894531,3.6499977111816406,4
690,down,2018-10-23,66.91999816894531,2018-10-26,61.18000030517578,5.739997863769531,3
691,up,2018-10-26,61.18000030517578,2018-11-06,64.33999633789062,3.1599960327148438,6
692,down,2018-11-06,64.33999633789062,2018-11-15,53.52999877929688,10.809997558593743,6
693,up,2018-11-15,53.52999877929688,2018-12-03,60.5099983215332,6.979999542236321,9
694,down,2018-12-03,60.5099983215332,2018-12-26,53.5099983215332,7.0,9
695,up,2018-12-26,53.5099983215332,2019-01-07,57.15999984741211,3.6500015258789062,5
696,down,2019-01-07,57.15999984741211,2019-02-04,49.09999847412109,8.060001373291023,13
697,up,2019-02-04,49.09999847412109,2019-04-05,58.61000061035156,9.510002136230476,36
698,down,2019-04-05,58.61000061035156,2019-04-11,55.790000915527344,2.8199996948242188,3
699,up,2019-04-11,55.790000915527344,2019-05-03,90.33999633789062,34.54999542236328,9
700,down,2019-05-03,90.33999633789062,2019-05-09,82.26000213623047,8.079994201660156,4
701,up,2019-05-09,82.26000213623047,2019-05-15,87.0,4.739997863769531,4
702,down,2019-05-15,87.0,2019-05-29,64.76000213623047,22.23999786376953,9
703,up,2019-05-29,64.76000213623047,2019-06-11,72.22000122070312,7.459999084472656,7
704,down,2019-06-11,72.22000122070312,2019-06-14,67.9000015258789,4.319999694824219,3
705,up,2019-06-14,67.9000015258789,2019-07-01,80.76000213623047,12.860000610351562,9
706,down,2019-07-01,80.76000213623047,2019-07-12,73.30000305175781,7.459999084472656,6
707,up,2019-07-12,73.30000305175781,2019-07-22,76.62000274658203,3.3199996948242188,5
708,down,2019-07-22,76.62000274658203,2019-08-07,67.12000274658203,9.5,7
709,up,2019-08-07,67.12000274658203,2019-08-23,79.0999984741211,11.979995727539062,10
710,down,2019-08-23,79.0999984741211,2019-09-03,74.69999694824219,4.400001525878906,5
711,up,2019-09-03,74.69999694824219,2019-09-12,80.05000305175781,5.350006103515625,6
712,down,2019-09-12,80.05000305175781,2019-10-09,72.80999755859375,7.2400054931640625,13
713,up,2019-10-09,72.80999755859375,2019-11-11,94.11000061035156,21.300003051757812,16
714,down,2019-11-11,94.11000061035156,2019-12-03,79.80999755859375,14.300003051757812,14
715,up,2019-12-03,79.80999755859375,2019-12-16,90.45999908447266,10.650001525878906,8
716,down,2019-12-16,90.45999908447266,2020-01-06,85.54000091552734,4.9199981689453125,10
717,up,2020-01-06,85.54000091552734,2020-01-21,96.16999816894533,10.629997253417983,8
718,down,2020-01-21,96.16999816894533,2020-02-03,85.04000091552734,11.129997253417983,7
719,up,2020-02-03,85.04000091552734,2020-02-12,92.44000244140624,7.400001525878892,5
720,down,2020-02-12,92.44000244140624,2020-03-18,58.0,34.440002441406236,21
721,up,2020-03-18,58.0,2020-04-17,78.25,20.25,14
722,down,2020-04-17,78.25,2020-04-24,73.66000366210938,4.589996337890625,5
723,up,2020-04-24,73.66000366210938,2020-05-20,81.95999908447266,8.299995422363281,14
724,down,2020-05-20,81.95999908447266,2020-05-27,76.16000366210938,5.799995422363281,4
725,up,2020-05-27,76.16000366210938,2020-06-10,92.13999938964844,15.979995727539062,7
726,down,2020-06-10,92.13999938964844,2020-06-15,83.0999984741211,9.040000915527344,3
727,up,2020-06-15,83.0999984741211,2020-06-23,90.61000061035156,7.510002136230469,5
728,down,2020-06-23,90.61000061035156,2020-06-29,86.68000030517578,3.9300003051757812,4
729,up,2020-06-29,86.68000030517578,2020-07-09,93.9499969482422,7.2699966430664205,5
730,down,2020-07-09,93.9499969482422,2020-07-16,90.68000030517578,3.2699966430664205,4
731,up,2020-07-16,90.68000030517578,2020-07-21,93.8499984741211,3.1699981689453125,3
732,down,2020-07-21,93.8499984741211,2020-07-24,87.51000213623047,6.339996337890625,3
733,up,2020-07-24,87.51000213623047,2020-08-05,113.0,25.48999786376953,5
734,down,2020-08-05,113.0,2020-08-11,104.73999786376952,8.260002136230483,3
735,up,2020-08-11,104.73999786376952,2020-09-02,123.93000030517578,19.190002441406264,13
736,down,2020-09-02,123.93000030517578,2020-09-21,108.3000030517578,15.629997253417983,8
737,up,2020-09-21,108.3000030517578,2020-10-14,132.4199981689453,24.119995117187514,16
738,down,2020-10-14,132.4199981689453,2020-10-28,121.0500030517578,11.369995117187514,6
739,up,2020-10-28,121.0500030517578,2020-11-09,149.41000366210938,28.360000610351577,6
740,down,2020-11-09,149.41000366210938,2020-11-24,141.11000061035156,8.300003051757812,8
741,up,2020-11-24,141.11000061035156,2020-12-09,161.07000732421875,19.960006713867188,7
742,down,2020-12-09,161.07000732421875,2020-12-22,144.41000366210938,16.660003662109375,6
743,up,2020-12-22,144.41000366210938,2021-01-20,167.94000244140625,23.529998779296875,14
744,down,2021-01-20,167.94000244140625,2021-01-28,152.69000244140625,15.25,5
745,up,2021-01-28,152.69000244140625,2021-02-03,167.5800018310547,14.889999389648438,4
746,down,2021-02-03,167.5800018310547,2021-02-23,134.44000244140625,33.13999938964844,11
747,up,2021-02-23,134.44000244140625,2021-03-02,140.10000610351562,5.660003662109375,5
748,down,2021-03-02,140.10000610351562,2021-03-08,122.98999786376952,17.110008239746108,4
749,up,2021-03-08,122.98999786376952,2021-03-17,135.60000610351562,12.610008239746108,6
750,down,2021-03-17,135.60000610351562,2021-03-25,124.38999938964844,11.210006713867188,6
751,up,2021-03-25,124.38999938964844,2021-04-09,140.67999267578125,16.289993286132812,9
752,down,2021-04-09,140.67999267578125,2021-04-22,132.47000122070312,8.209991455078125,7
753,up,2021-04-22,132.47000122070312,2021-04-29,145.3000030517578,12.830001831054688,4
754,down,2021-04-29,145.3000030517578,2021-05-12,123.68000030517578,21.62000274658203,8
755,up,2021-05-12,123.68000030517578,2021-06-01,136.07000732421875,12.390007019042969,10
756,down,2021-06-01,136.07000732421875,2021-06-18,132.24000549316406,3.8300018310546875,10
757,up,2021-06-18,132.24000549316406,2021-06-30,143.6300048828125,11.389999389648438,8
758,down,2021-06-30,143.6300048828125,2021-07-08,135.60000610351562,8.029998779296875,3
759,up,2021-07-08,135.60000610351562,2021-07-14,146.33999633789062,10.739990234375,4
760,down,2021-07-14,146.33999633789062,2021-07-19,136.80999755859375,9.529998779296875,3
761,up,2021-07-19,136.80999755859375,2021-08-02,152.27999877929688,15.470001220703125,6
762,down,2021-08-02,152.27999877929688,2021-08-19,138.9600067138672,13.319992065429688,11
763,up,2021-08-19,138.9600067138672,2021-09-01,148.10000610351562,9.139999389648438,9
764,down,2021-09-01,148.10000610351562,2021-10-12,122.16999816894533,25.9300079345703,25
765,up,2021-10-12,122.16999816894533,2021-11-18,188.72000122070312,66.5500030517578,22
766,down,2021-11-18,188.72000122070312,2021-12-02,171.2100067138672,17.509994506835938,7
767,up,2021-12-02,171.2100067138672,2021-12-16,192.67999267578125,21.469985961914062,8
768,down,2021-12-16,192.67999267578125,2022-01-28,157.3800048828125,35.29998779296875,24
769,up,2022-01-28,157.3800048828125,2022-02-03,192.1000061035156,34.7200012207031,3
770,down,2022-02-03,192.1000061035156,2022-02-24,155.7899932861328,36.310012817382784,13
771,up,2022-02-24,155.7899932861328,2022-03-03,170.8300018310547,15.040008544921875,4
772,down,2022-03-03,170.8300018310547,2022-03-08,147.8800048828125,22.949996948242188,3
773,up,2022-03-08,147.8800048828125,2022-03-22,159.94000244140625,12.05999755859375,10
774,down,2022-03-22,159.94000244140625,2022-04-11,133.69000244140625,26.25,13
775,up,2022-04-11,133.69000244140625,2022-04-20,144.80999755859375,11.1199951171875,5
776,down,2022-04-20,144.80999755859375,2022-04-27,130.66000366210938,14.149993896484375,3
777,up,2022-04-27,130.66000366210938,2022-05-04,149.5,18.839996337890625,3
778,down,2022-05-04,149.5,2022-05-12,127.81999969482422,21.68000030517578,5
779,up,2022-05-12,127.81999969482422,2022-05-17,140.0,12.180000305175781,3
780,down,2022-05-17,140.0,2022-05-24,125.86000061035156,14.139999389648438,3
781,up,2022-05-24,125.86000061035156,2022-06-03,146.25,20.389999389648438,5
782,down,2022-06-03,146.25,2022-06-23,118.2300033569336,28.019996643066406,12
783,up,2022-06-23,118.2300033569336,2022-06-29,136.4499969482422,18.219993591308594,3
784,down,2022-06-29,136.4499969482422,2022-07-05,120.36000061035156,16.089996337890625,3
785,up,2022-07-05,120.36000061035156,2022-07-22,156.66000366210938,36.30000305175781,11
786,down,2022-07-22,156.66000366210938,2022-07-29,140.6699981689453,15.990005493164062,5
787,up,2022-07-29,140.6699981689453,2022-08-18,152.91000366210938,12.240005493164062,10
788,down,2022-08-18,152.91000366210938,2022-09-01,126.08000183105467,26.8300018310547,9
789,up,2022-09-01,126.08000183105467,2022-09-12,134.22000122070312,8.139999389648452,5
790,down,2022-09-12,134.22000122070312,2022-09-30,112.91999816894533,21.3000030517578,11
791,up,2022-09-30,112.91999816894533,2022-10-06,127.20999908447266,14.29000091552733,4
792,down,2022-10-06,127.20999908447266,2022-10-13,104.66000366210938,22.54999542236328,4
793,up,2022-10-13,104.66000366210938,2022-10-26,120.73999786376952,16.079994201660142,4
794,down,2022-10-26,120.73999786376952,2022-11-03,101.93000030517578,18.809997558593736,5
795,up,2022-11-03,101.93000030517578,2022-11-15,128.1300048828125,26.20000457763672,7
796,down,2022-11-15,128.1300048828125,2022-12-28,106.81999969482422,21.31000518798828,23
797,up,2022-12-28,106.81999969482422,2023-02-02,139.94000244140625,33.12000274658203,17
798,down,2023-02-02,139.94000244140625,2023-02-22,122.91999816894533,17.020004272460923,11
799,up,2023-02-22,122.91999816894533,2023-03-01,125.47000122070312,2.5500030517577983,3
800,down,2023-03-01,125.47000122070312,2023-03-15,113.13999938964844,12.330001831054688,7
801,up,2023-03-15,113.13999938964844,2023-03-30,128.19000244140625,15.050003051757812,6
802,down,2023-03-30,128.19000244140625,2023-05-12,102.61000061035156,25.580001831054688,24
803,up,2023-05-12,102.61000061035156,2023-06-02,117.4000015258789,14.790000915527344,11
804,down,2023-06-02,117.4000015258789,2023-06-08,114.0999984741211,3.3000030517578125,3
805,up,2023-06-08,114.0999984741211,2023-06-13,125.4000015258789,11.300003051757812,3
806,down,2023-06-13,125.4000015258789,2023-06-23,113.02999877929688,12.370002746582031,6
807,up,2023-06-23,113.02999877929688,2023-07-03,120.4800033569336,7.450004577636719,3
808,down,2023-07-03,120.4800033569336,2023-07-11,114.88999938964844,5.590003967285156,5
809,up,2023-07-11,114.88999938964844,2023-07-19,127.0999984741211,12.209999084472656,3
810,down,2023-07-19,127.0999984741211,2023-07-26,122.33999633789062,4.760002136230469,3
811,up,2023-07-26,122.33999633789062,2023-08-01,132.97000122070312,10.6300048828125,3
812,down,2023-08-01,132.97000122070312,2023-08-25,107.76000213623048,25.209999084472642,16
813,up,2023-08-25,107.76000213623048,2023-09-05,117.05999755859376,9.299995422363281,4
814,down,2023-09-05,117.05999755859376,2023-09-08,105.51000213623048,11.549995422363281,3
815,up,2023-09-08,105.51000213623048,2023-09-15,115.19000244140624,9.680000305175753,4
816,down,2023-09-15,115.19000244140624,2023-09-25,106.70999908447266,8.48000335693358,4
817,up,2023-09-25,106.70999908447266,2023-10-19,114.4000015258789,7.69000244140625,10
818,down,2023-10-19,114.4000015258789,2023-10-26,104.33000183105467,10.069999694824233,4
819,up,2023-10-26,104.33000183105467,2023-11-20,130.3699951171875,26.039993286132827,12
820,down,2023-11-20,130.3699951171875,2023-11-28,125.66999816894533,4.699996948242173,4
821,up,2023-11-28,125.66999816894533,2023-12-15,143.49000549316406,17.820007324218736,13
822,down,2023-12-15,143.49000549316406,2023-12-21,140.36000061035156,3.1300048828125,3
823,up,2023-12-21,140.36000061035156,2023-12-28,146.88999938964844,6.529998779296875,4
824,down,2023-12-28,146.88999938964844,2024-01-04,134.94000244140625,11.949996948242188,4
825,up,2024-01-04,134.94000244140625,2024-01-25,157.97999572753906,23.039993286132812,12
826,down,2024-01-25,157.97999572753906,2024-02-02,139.25999450683594,18.720001220703125,5
827,up,2024-02-02,139.25999450683594,2024-03-08,177.58999633789062,38.33000183105469,22
828,down,2024-03-08,177.58999633789062,2024-03-19,163.6300048828125,13.959991455078125,7
829,up,2024-03-19,163.6300048828125,2024-04-09,175.99000549316406,12.360000610351562,10
830,down,2024-04-09,175.99000549316406,2024-04-19,156.33999633789062,19.650009155273438,6
831,up,2024-04-19,156.33999633789062,2024-05-28,217.42999267578125,61.089996337890625,20
832,down,2024-05-28,217.42999267578125,2024-05-31,198.7100067138672,18.719985961914062,3
833,up,2024-05-31,198.7100067138672,2024-06-18,230.6300048828125,31.919998168945312,7
834,down,2024-06-18,230.6300048828125,2024-06-27,193.83999633789065,36.79000854492185,6
835,up,2024-06-27,193.83999633789065,2024-07-08,210.44000244140625,16.600006103515597,4
836,down,2024-07-08,210.44000244140625,2024-08-05,151.38999938964844,59.05000305175781,19
837,up,2024-08-05,151.38999938964844,2024-08-21,175.42999267578125,24.039993286132812,9
838,down,2024-08-21,175.42999267578125,2024-09-10,157.1300048828125,18.29998779296875,7
839,up,2024-09-10,157.1300048828125,2024-09-19,176.8000030517578,19.669998168945312,6
840,down,2024-09-19,176.8000030517578,2024-10-08,163.66000366210938,13.139999389648438,7
841,up,2024-10-08,163.66000366210938,2024-10-15,179.8300018310547,16.169998168945312,4
842,down,2024-10-15,179.8300018310547,2024-10-24,164.3000030517578,15.529998779296875,6
843,up,2024-10-24,164.3000030517578,2024-11-07,182.1000061035156,17.800003051757784,9
844,down,2024-11-07,182.1000061035156,2024-11-22,152.9499969482422,29.15000915527341,9
845,up,2024-11-22,152.9499969482422,2024-12-04,165.0,12.050003051757812,6
846,down,2024-12-04,165.0,2024-12-20,149.42999267578125,15.57000732421875,9
847,up,2024-12-20,149.42999267578125,2025-01-06,165.6699981689453,16.240005493164062,7
848,down,2025-01-06,165.6699981689453,2025-01-13,154.8000030517578,10.8699951171875,4
849,up,2025-01-13,154.8000030517578,2025-02-05,177.0,22.199996948242188,13
850,down,2025-02-05,177.0,2025-02-12,168.24000549316406,8.759994506835938,5
851,up,2025-02-12,168.24000549316406,2025-02-19,176.5,8.259994506835938,4
852,down,2025-02-19,176.5,2025-03-13,150.4199981689453,26.080001831054688,13
853,up,2025-03-13,150.4199981689453,2025-03-25,161.47000122070312,11.050003051757812,6
854,down,2025-03-25,161.47000122070312,2025-04-08,120.8000030517578,40.66999816894533,7
855,up,2025-04-08,120.8000030517578,2025-04-28,149.3000030517578,28.500000000000014,8
856,down,2025-04-28,149.3000030517578,2025-05-06,137.4600067138672,11.839996337890625,4
857,up,2025-05-06,137.4600067138672,2025-05-21,156.1300048828125,18.669998168945312,5
858,down,2025-05-21,156.1300048828125,2025-06-02,143.47999572753906,12.650009155273438,5
859,up,2025-06-02,143.47999572753906,2025-06-12,162.13999938964844,18.660003662109375,6
860,down,2025-06-12,162.13999938964844,2025-06-23,149.67999267578125,12.460006713867188,6
861,up,2025-06-23,149.67999267578125,2025-07-03,163.9600067138672,14.280014038085938,7
862,down,2025-07-03,163.9600067138672,2025-07-17,151.5399932861328,12.420013427734375,8
863,up,2025-07-17,151.5399932861328,2025-07-29,163.60000610351562,12.060012817382812,7
864,down,2025-07-29,163.60000610351562,2025-08-06,144.11000061035156,19.490005493164062,5
865,up,2025-08-06,144.11000061035156,2025-08-18,159.75,15.639999389648438,7
866,down,2025-08-18,159.75,2025-08-21,153.0500030517578,6.6999969482421875,3
867,up,2025-08-21,153.0500030517578,2025-09-05,163.49000549316406,10.44000244140625,8
